# Dataset "300K (+)" exported from GenX on Fri Dec 16 11:25:27 2016
# Column lables:
# x	I_simulated	I	error(I)	error(x)
8.817664644095999857e-03 1.000001234343554923e+00 1.010593999999999992e+00 2.994002000000000122e-02 4.080165521769448791e-04
8.902045033728000351e-03 1.000001234343555367e+00 9.958746000000000542e-01 2.760949999999999863e-02 4.081818571024263867e-04
8.988054501887998704e-03 1.000001234343555145e+00 1.022551999999999905e+00 2.664015000000000133e-02 4.083524114939722071e-04
9.075743432447998249e-03 1.000001234343554923e+00 9.759200999999999571e-01 2.500275000000000067e-02 4.085284125927410759e-04
9.165159060287999399e-03 9.996810138132794510e-01 1.033765999999999963e+00 2.495166000000000051e-02 4.087101414005975112e-04
9.256354918271999729e-03 9.994650769925309541e-01 9.875393999999999561e-01 2.379975000000000146e-02 4.088978507021527359e-04
9.349383489600000471e-03 9.993171461844604364e-01 9.988867000000000163e-01 2.364785999999999971e-02 4.090917487681716962e-04
9.444301456127998651e-03 9.959306409978130326e-01 9.721307000000000142e-01 2.308173000000000169e-02 4.092921938867391941e-04
9.541165499711998232e-03 9.937847756589148762e-01 8.956315000000000248e-01 2.158904999999999852e-02 4.094994067098144445e-04
9.640037550527998794e-03 9.922691881274084968e-01 9.896907000000000343e-01 2.188340000000000077e-02 4.097137721633268485e-04
9.740979538751998179e-03 9.791737090282093270e-01 9.757445999999999620e-01 2.092089999999999922e-02 4.099355681375311047e-04
9.844058642879998516e-03 9.723347359090391828e-01 9.777101999999999737e-01 2.044843000000000008e-02 4.101652115795726425e-04
9.949344140735999834e-03 9.567503116735491808e-01 9.468556000000000195e-01 1.966808999999999918e-02 4.104030020451420986e-04
1.005690321081599906e-02 9.343473554950476601e-01 9.605540999999999663e-01 1.942411999999999958e-02 4.106493659532765980e-04
1.016681562758399784e-02 9.203636219719278921e-01 9.070844999999999603e-01 1.832912999999999903e-02 4.109047926321766583e-04
1.027915696684800033e-02 8.815953187736590424e-01 8.944826999999999639e-01 1.768000999999999948e-02 4.111695621796346246e-04
1.039400700307199950e-02 8.557354857577893492e-01 8.574201999999999657e-01 1.677060000000000009e-02 4.114443465213890702e-04
1.051145075903999956e-02 8.211683124998173655e-01 8.272216000000000014e-01 1.614134999999999875e-02 4.117295189449311364e-04
1.063158480383999925e-02 7.866133500958414349e-01 7.754746999999999613e-01 1.531710000000000016e-02 4.120257305879349843e-04
1.075448996160000004e-02 7.603529287077596122e-01 7.645408000000000204e-01 1.497375999999999915e-02 4.123333709948783432e-04
1.088028169535999908e-02 7.228487254297459863e-01 7.657418000000000280e-01 1.468057000000000042e-02 4.126533059787719634e-04
1.100903348159999913e-02 6.959966048113920278e-01 6.812200000000000477e-01 1.351378999999999948e-02 4.129859289985676795e-04
1.114088177663999889e-02 6.674680549982302535e-01 6.743787999999999450e-01 1.323739999999999986e-02 4.133321335168728297e-04
1.127592105024000091e-02 6.430450081760805681e-01 6.502947999999999507e-01 1.279165999999999984e-02 4.136925941722428292e-04
1.141427726208000051e-02 6.199621194617719322e-01 6.481966999999999590e-01 1.241986999999999952e-02 4.140681137842058194e-04
1.155606587519999832e-02 5.983273380953192389e-01 6.042840999999999907e-01 1.178256999999999916e-02 4.144595524588135568e-04
1.170143384255999813e-02 5.776801926222098205e-01 5.821952999999999712e-01 1.146090999999999950e-02 4.148677775103292017e-04
1.185049662719999883e-02 5.578048116082605645e-01 5.420101000000000502e-01 1.092219000000000002e-02 4.152939050347837792e-04
1.200340118207999900e-02 5.385619946094294397e-01 5.287148000000000403e-01 1.049818999999999926e-02 4.157388797938556843e-04
1.216030495679999886e-02 5.198529921610760551e-01 5.187910000000000021e-01 9.939636999999999431e-03 4.162038767339992285e-04
1.232137589759999853e-02 5.016042170546773926e-01 5.087817999999999508e-01 9.377543999999999810e-03 4.166900917349607701e-04
1.248676095744000007e-02 4.837626110678128755e-01 4.848013999999999935e-01 8.827079999999999302e-03 4.171989122256312683e-04
1.265664907583999993e-02 4.662838371206682875e-01 4.638895000000000102e-01 8.523340000000000777e-03 4.177317565029500888e-04
1.283121869567999812e-02 4.491351109444533529e-01 4.425554999999999906e-01 8.094712999999999908e-03 4.182900742833853052e-04
1.301067974975999783e-02 4.322888531797483558e-01 4.366943999999999826e-01 7.721747999999999633e-03 4.188755548966900427e-04
1.319523167423999888e-02 4.157248717256575854e-01 4.118085000000000218e-01 6.974560000000000308e-03 4.194243370941772259e-04
1.319523167423999888e-02 4.157254068738079344e-01 4.256850999999999829e-01 7.496222999999999775e-03 4.194901130563627304e-04
1.338508440191999924e-02 3.994293145675572032e-01 3.895120000000000249e-01 6.566027000000000322e-03 4.200679923489648708e-04
1.338508440191999924e-02 3.994298258858656192e-01 3.992225999999999830e-01 7.165504999999999965e-03 4.201355672172495440e-04
1.358048985215999996e-02 3.833881189487110541e-01 3.909267000000000158e-01 6.256302000000000044e-03 4.207446353302796735e-04
1.358048985215999996e-02 3.833886098944990772e-01 3.644255000000000133e-01 8.069958000000000339e-03 4.208141264036177566e-04
1.378167895103999882e-02 3.675940557191575975e-01 3.706233999999999917e-01 5.956666000000000218e-03 4.214565724182741963e-04
1.398892461119999840e-02 3.520405321809075283e-01 3.452438999999999925e-01 5.585167999999999730e-03 4.222063134059461089e-04
1.420249974527999955e-02 3.367247068465282767e-01 3.393318000000000167e-01 5.379786999999999590e-03 4.229965516389111186e-04
1.442268776255999953e-02 3.216463044910907176e-01 3.258448999999999929e-01 5.173416000000000126e-03 4.238301747923217699e-04
1.464982455552000032e-02 3.068046819178461004e-01 3.176013999999999782e-01 5.093758999999999787e-03 4.247107131713185680e-04
1.488421452671999899e-02 2.922043371861739458e-01 2.887559000000000098e-01 5.029318999999999977e-03 4.256412265047759672e-04
1.512623555519999885e-02 2.778479924058888106e-01 2.841709000000000040e-01 4.992021000000000132e-03 4.266261694543479512e-04
1.537625502335999983e-02 2.637419168232347233e-01 2.692728999999999817e-01 4.759605000000000086e-03 4.276692068601151793e-04
1.563468230015999799e-02 2.498926788522909948e-01 2.487182000000000004e-01 4.438285000000000147e-03 4.287755839085989899e-04
1.590193725119999971e-02 2.363089179436250742e-01 2.410731000000000124e-01 4.239427999999999946e-03 4.299500598737486068e-04
1.617849222527999870e-02 2.229991563921375763e-01 2.331045999999999951e-01 4.095019000000000090e-03 4.311984953558627609e-04
1.646484056447999889e-02 2.099735010272559821e-01 2.214708999999999983e-01 3.998433000000000022e-03 4.325270679171420584e-04
1.676150710079999870e-02 1.972430720179794150e-01 2.053737999999999952e-01 3.928155000000000015e-03 4.339426752799959157e-04
1.706905865279999962e-02 1.848195671995967182e-01 1.801483000000000112e-01 3.824806000000000039e-03 4.354534229440503671e-04
1.738810402559999926e-02 1.727153255419686950e-01 1.794661999999999924e-01 3.718510999999999865e-03 4.370671114610318324e-04
1.771930450751999647e-02 1.609429982099173095e-01 1.624424999999999897e-01 3.426605000000000102e-03 4.387938547996769897e-04
1.806337387007999826e-02 1.495156393120567473e-01 1.512902000000000136e-01 3.210117000000000179e-03 4.406439407543918702e-04
1.842105737471999918e-02 1.384473759919184754e-01 1.394447000000000048e-01 2.990416000000000081e-03 4.426292729319311722e-04
1.879320524927999975e-02 1.277511242639741695e-01 1.306660000000000044e-01 2.867768000000000140e-03 4.447630672680567766e-04
1.918068871487999677e-02 1.174412206598842295e-01 1.244335000000000024e-01 2.784750999999999806e-03 4.470599938819062218e-04
1.958449445567999811e-02 1.075307132444960900e-01 1.088897999999999949e-01 2.559446999999999851e-03 4.495370600871968444e-04
2.000567213567999714e-02 9.803290366175089476e-02 1.018362000000000017e-01 2.433890000000000185e-03 4.522125960714605953e-04
2.044535539199999682e-02 8.896072461770651585e-02 9.011590999999999352e-02 2.262688000000000112e-03 4.551081914274450967e-04
2.090479332480000077e-02 8.032608012506810280e-02 8.320916999999999897e-02 2.131103000000000077e-03 4.582474215923096794e-04
2.138537149055999911e-02 7.213959710499925904e-02 7.189391000000000531e-02 1.966910000000000099e-03 4.616578723730485568e-04
2.188854892223999690e-02 6.441167758138757748e-02 6.460486999999999480e-02 1.838440999999999903e-03 4.653702643310593176e-04
2.241598408895999553e-02 5.715036592036333574e-02 5.407499999999999807e-02 1.650914999999999978e-03 4.694194641418695775e-04
2.296947191615999681e-02 5.036245173892658911e-02 4.868287999999999782e-02 1.546077999999999992e-03 4.738462037243730269e-04
2.355097527551999748e-02 4.405288502269374962e-02 4.319135999999999809e-02 1.446479999999999988e-03 4.786962689313652673e-04
2.372437976831999820e-02 4.230126191721510220e-02 4.482970000000000010e-02 8.858966000000000453e-04 4.594784448294500566e-04
2.406573050111999665e-02 3.907752116787072821e-02 3.976649000000000156e-02 8.072598000000000057e-04 4.613648778562256690e-04
2.416268796479999897e-02 3.822405303735606358e-02 3.891238999999999809e-02 1.389269999999999958e-03 4.840232305010163153e-04
2.441706353855999795e-02 3.600248072350809708e-02 3.600238000000000049e-02 7.295407000000000064e-04 4.633429230745194326e-04
2.477879874623999806e-02 3.307605264323553590e-02 3.266489999999999672e-02 6.795412999999999714e-04 4.654185688779617137e-04
2.480702421119999890e-02 3.287594568762863823e-02 3.273241000000000345e-02 1.255727000000000102e-03 4.898874338052058896e-04
2.515140847295999765e-02 3.029762216854266915e-02 3.048963999999999841e-02 6.379670000000000262e-04 4.675982260142675273e-04
2.548667115455999915e-02 2.800565788328493455e-02 2.742872000000000018e-02 1.130039999999999907e-03 4.963604960256305610e-04
2.553539655743999534e-02 2.766626753947248191e-02 2.706379000000000076e-02 5.835038999999999547e-04 4.698890081677161508e-04
2.593129832831999812e-02 2.518076634513989956e-02 2.450551999999999939e-02 5.446621999999999705e-04 4.722983425920633440e-04
2.620460984063999882e-02 2.360724729496633742e-02 2.329410999999999982e-02 1.108218999999999914e-03 5.035227597229741548e-04
2.633967010751999890e-02 2.283965411248614283e-02 2.300272000000000081e-02 5.262539000000000539e-04 4.748351644771057123e-04
2.676109970687999898e-02 2.064113943115961428e-02 2.045662999999999995e-02 5.143342000000000400e-04 4.775072201808994534e-04
2.719623791807999902e-02 1.858295903555617218e-02 1.779827000000000145e-02 4.796582999999999880e-04 4.803257313463853953e-04
2.764576702271999767e-02 1.666256393086544552e-02 1.621028000000000052e-02 4.483202000000000042e-04 4.832998370742535221e-04
2.811040079231999847e-02 1.487710329703413950e-02 1.458863999999999994e-02 4.130164000000000188e-04 4.864426312516615812e-04
2.859091597823999742e-02 1.322330085263217526e-02 1.275608999999999944e-02 3.745722999999999848e-04 4.897659369494779345e-04
2.908815231167999685e-02 1.169749609328852614e-02 1.132449999999999950e-02 3.467186000000000248e-04 4.932839355009343814e-04
2.960298101375999705e-02 1.029575472296484322e-02 1.009939999999999970e-02 3.281499999999999803e-04 4.970118228491552433e-04
3.013636777535999914e-02 9.013701862365717729e-03 8.709833999999999632e-03 3.108086000000000247e-04 5.009660904040910473e-04
3.068933077055999853e-02 7.846676468726514544e-03 7.569176999999999850e-03 3.014739999999999803e-04 5.051662306827822647e-04
3.126296164991999860e-02 6.789697453881332612e-03 6.762986999999999818e-03 2.775011999999999987e-04 5.096307000329160317e-04
3.185844653376000007e-02 5.837465772871992982e-03 5.908087000000000234e-03 2.516919999999999748e-04 5.143833316669679627e-04
3.247706601215999411e-02 4.984416188804668274e-03 4.769108999999999675e-03 2.193345999999999989e-04 5.194481279977434173e-04
3.312017415167999718e-02 4.224788737905307325e-03 3.717914000000000115e-03 1.880506000000000050e-04 5.248524445205623090e-04
3.378926147519999840e-02 3.552598933074572595e-03 3.251524999999999901e-03 1.742675999999999915e-04 5.306266412322698358e-04
3.448594446527999263e-02 2.961727922769896455e-03 2.938121000000000135e-03 1.648173999999999917e-04 5.368039557038398277e-04
3.521196556416000129e-02 2.445989359547217929e-03 2.314206000000000076e-03 1.439270999999999997e-04 5.434224486247232018e-04
3.596921416703999230e-02 1.999182251540239548e-03 1.894602999999999912e-03 1.281204999999999942e-04 5.505228493528765629e-04
3.675974761536000140e-02 1.615156513369906668e-03 1.548230999999999956e-03 1.145190000000000059e-04 5.581526000394605204e-04
3.758581219007999658e-02 1.287885102242756694e-03 1.302227999999999893e-03 1.030042999999999991e-04 5.663626719972283128e-04
3.844985360831999766e-02 1.011542285172396805e-03 1.017179999999999907e-03 9.065771000000000517e-05 5.752126115426278111e-04
3.935454851327999798e-02 7.805710338786165780e-04 7.549460999999999715e-04 7.727918000000000233e-05 5.847674082302808853e-04
4.030285695744000030e-02 5.897452847916862450e-04 6.388796999999999879e-04 6.972849000000000093e-05 5.951004001804149467e-04
4.129799091263999800e-02 4.342399328336658901e-04 5.852486000000000060e-04 6.607239000000000048e-05 6.062957993011743691e-04
4.234350873983999675e-02 3.096573451771215523e-04 4.738898000000000177e-04 5.879277000000000190e-05 6.184474962557452065e-04
4.106600961808000438e-02 4.662592624214904717e-04 3.877030742420000103e-04 1.871065000000000017e-05 5.713552159954523799e-04
4.165688919888000524e-02 3.868396594940544603e-04 3.222617317479999858e-04 1.651085000000000134e-05 5.762786832313078478e-04
4.344334667903999858e-02 2.120521186293160146e-04 2.920574999999999799e-04 4.766683999999999846e-05 6.316642647609566367e-04
4.226501623940000923e-02 3.172534437931485312e-04 2.870623680320000411e-04 1.487962000000000036e-05 5.814175432416534639e-04
4.289115864060000227e-02 2.567519149603129675e-04 2.188439816639999849e-04 1.270414000000000031e-05 5.867845360268537881e-04
4.460182934591999659e-02 1.379280728558565183e-04 2.576653000000000146e-04 4.325225000000000250e-05 6.460662405866445098e-04
4.353614492720000312e-02 2.046357714976326195e-04 2.019252312440000113e-04 1.181012000000000035e-05 5.923935423181535785e-04
4.582380618815999618e-02 8.419685955346661638e-05 1.252565000000000026e-04 2.952463000000000060e-05 6.617958048147554910e-04
4.420081372788000479e-02 1.602576071710937514e-04 1.603048851360000060e-04 1.030268000000000077e-05 5.982592427411046344e-04
4.488610471092000648e-02 1.230122482577495431e-04 1.346731733160000096e-04 9.255602000000000428e-06 6.043971331805024407e-04
4.711460949888000155e-02 4.811747410799932002e-05 1.468856999999999953e-04 3.552177000000000058e-05 6.790087810569241491e-04
4.559296764856000245e-02 9.233917070953790709e-05 1.184825703819999948e-04 8.669018000000000421e-06 6.108261087365535842e-04
4.632246345660000209e-02 6.771191099821264670e-05 8.813076427540000456e-05 7.806049000000000180e-06 6.175618765550866312e-04
4.707567325875999797e-02 4.863610537119170493e-05 6.868403463460000604e-05 6.935984999999999967e-06 6.246279392566426178e-04
4.785377921836000276e-02 3.463913089109396860e-05 4.263183989899999813e-05 5.426588999999999756e-06 6.320423371795278735e-04
4.865804433040000349e-02 2.526348512486165047e-05 3.976480543859999879e-05 5.083251999999999625e-06 6.398321486695084624e-04
4.948980231760000126e-02 2.005837439227212496e-05 2.727716108260000043e-05 4.123492999999999587e-06 6.480210007324222962e-04
5.035049804624000536e-02 1.857100052343090349e-05 2.085524837439999877e-05 3.627718000000000086e-06 6.566372201305983826e-04
5.124165721427999948e-02 2.033889749036003241e-05 1.271632207999999932e-05 3.065470000000000145e-06 6.657112659479032767e-04
5.216491666324000326e-02 2.488294817708945936e-05 1.989753286180000246e-05 3.724847999999999950e-06 6.752753677758503844e-04
5.312207489799999904e-02 3.170279224913372373e-05 1.442596316040000095e-05 3.531941000000000088e-06 6.853687443775357407e-04
5.411502135908000111e-02 4.027382973341849345e-05 2.987032245780000118e-05 4.514973999999999676e-06 6.960260400088563422e-04
5.514577683848000816e-02 5.004782544678477416e-05 3.706958937660000125e-05 4.718393999999999839e-06 7.072948152349485800e-04
5.621657431136000554e-02 6.045803967964603963e-05 4.648384913700000107e-05 5.097248999999999959e-06 7.192207747923025970e-04
5.732976800040000959e-02 7.092697308762563281e-05 5.679166260240000290e-05 5.437437999999999591e-06 7.318564934481690655e-04
5.848795462332000150e-02 8.088062799108246021e-05 7.144676364320000524e-05 6.016674000000000054e-06 7.452598224026369452e-04
5.969388245723999953e-02 8.976533769014749748e-05 8.378222627499999013e-05 6.474403000000000089e-06 7.594938221443016130e-04
6.095060289808000575e-02 9.707068811011179557e-05 8.401531549840000304e-05 6.387901999999999915e-06 7.746305311955178040e-04
6.226136942095999993e-02 1.023534692956997003e-04 8.525752770700000557e-05 6.312196000000000203e-06 7.907458272447348774e-04
6.362974872376001012e-02 1.052646563441127946e-04 1.006123965879999940e-04 6.747841999999999895e-06 8.079285510243154438e-04
6.505962072712000166e-02 1.055749206777319583e-04 9.886486262839999325e-05 6.592743999999999944e-06 8.262732050606565876e-04
6.655524930216001611e-02 1.031969686114384314e-04 9.511990977720000888e-05 6.421878000000000113e-06 8.458898442764045981e-04
6.812126206256000072e-02 9.820158533946690953e-05 8.981228579840000133e-05 6.141230000000000153e-06 8.668981190904500190e-04
6.976273119624000485e-02 9.082426806453996299e-05 9.498156275520000156e-05 6.217254999999999989e-06 8.894314814950559462e-04
7.148527450496000579e-02 8.145917394251441142e-05 8.521611363100000053e-05 5.799737000000000101e-06 9.136444927784328823e-04
7.329502509243999986e-02 7.063948735095539413e-05 7.270902266540000452e-05 5.311030000000000038e-06 9.397068874199072030e-04
7.398213478828001566e-02 6.642873424682265251e-05 6.516721932380000143e-05 3.057948999999999849e-06 8.362531147618882700e-04
7.504662739011999650e-02 5.991271778421447633e-05 5.824946808780000418e-05 2.797687000000000189e-06 8.471316179353477385e-04
7.519879302772000673e-02 5.900184832744977055e-05 5.935013218640000198e-05 4.886552999999999698e-06 9.678161034883073655e-04
7.614219977292001340e-02 5.334112231517576579e-05 5.273536392959999989e-05 2.549127999999999796e-06 8.584366418805992015e-04
7.720409565704000610e-02 4.723750914443825461e-05 4.517155310799999852e-05 4.219941999999999923e-06 9.981884187162462507e-04
7.727023617919999421e-02 4.683392467199080158e-05 4.846131124559999463e-05 2.388587999999999974e-06 8.701921447176823830e-04
7.843219157920000573e-02 4.050773651030425233e-05 4.089635003299999725e-05 2.141551999999999905e-06 8.824232618588938532e-04
7.931927885136000334e-02 3.603221935433227499e-05 3.631427265620000447e-05 3.733080999999999995e-06 1.031080369693866423e-03
7.962962198275999604e-02 3.447212791288820582e-05 3.966003983040000160e-05 2.051477999999999995e-06 8.951573863548744660e-04
8.086419454328000467e-02 2.882615501946391467e-05 3.179588692720000106e-05 1.813607000000000075e-06 9.084230268310242726e-04
8.155362814992000997e-02 2.600078993615410840e-05 2.776004520739999983e-05 3.518216999999999878e-06 1.066770804880523430e-03
8.213764714188000193e-02 2.365530030337260244e-05 2.474567066839999775e-05 1.613697000000000027e-06 9.222554868431253553e-04
8.345185911512000010e-02 1.902823748711889666e-05 2.119176275040000188e-05 1.552879000000000045e-06 9.366821373555704816e-04
8.480880073520000173e-02 1.499463563565427214e-05 1.585062738160000217e-05 1.362649999999999989e-06 9.517477536610264568e-04
8.621059383372001172e-02 1.158315486242570295e-05 1.434692629699999980e-05 1.287878000000000013e-06 9.674838394308402610e-04
8.765950169772000755e-02 8.800523534832782347e-06 1.074824316060000059e-05 1.096986000000000080e-06 9.839409886553155890e-04
8.915795938156000078e-02 6.631372803626133814e-06 8.605097738819999091e-06 9.546019999999999872e-07 1.001161592226629694e-03
9.070853329108000129e-02 5.039169088000048769e-06 6.367834327800000541e-06 8.442388999999999749e-07 1.019197235983771701e-03
9.231399191132000359e-02 3.967990164126139574e-06 6.343779151820000323e-06 9.174531999999999610e-07 1.038103377812152079e-03
9.397729570256001252e-02 3.345481689002754501e-06 4.826797553380000170e-06 8.714518000000000028e-07 1.057938171454386083e-03
9.570164762011999782e-02 3.086745231115330194e-06 3.814375446860000106e-06 8.213203000000000280e-07 1.078773151258409762e-03
9.749048301040000308e-02 3.099113327437195487e-06 2.999843600159999690e-06 7.313970000000000211e-07 1.100671600912824389e-03
9.934743929900001491e-02 3.287559194364327161e-06 4.351112875560000537e-06 7.763238000000000261e-07 1.123717719547484952e-03
1.012765378620000128e-01 3.560517381866527296e-06 2.618639034659999752e-06 6.294222000000000204e-07 1.147995802703563953e-03
1.032819718428000105e-01 3.835686371368105460e-06 1.780853284320000064e-06 5.911373000000000374e-07 1.173599114792184869e-03
1.053685406224000032e-01 4.045455560358904168e-06 2.400587922479999976e-06 6.074414999999999803e-07 1.200633730097984452e-03
1.075409930620000037e-01 4.141250535577584445e-06 3.545471050440000152e-06 7.155192999999999927e-07 1.229211083119575477e-03
1.098050884188000037e-01 4.096530476362350202e-06 2.073935898540000177e-06 5.911152000000000202e-07 1.259463137029425079e-03
1.121664849104000022e-01 3.907669913534711888e-06 2.020173625579999972e-06 5.554205999999999859e-07 1.291524516391771632e-03
1.146316490712000064e-01 3.592566623366697788e-06 2.053620993819999829e-06 5.417523000000000223e-07 1.325556278584956839e-03
1.172076536732000046e-01 3.186723843380056174e-06 2.807216129080000092e-06 5.696714000000000410e-07 1.361727040345825064e-03
1.199020766864000026e-01 2.737130623176373683e-06 2.428193305119999646e-06 5.805811000000000477e-07 1.400234993490735626e-03
1.227233043976000137e-01 2.294438432453413005e-06 2.971789064859999966e-06 5.753627999999999777e-07 1.441293733066233975e-03
1.256805314104000038e-01 1.904591970244586517e-06 1.923565790080000025e-06 5.138612000000000353e-07 1.485144811018777617e-03
1.287837606452000294e-01 1.601242953780603834e-06 1.364151653920000028e-06 4.575747999999999821e-07 1.532063691765130379e-03
1.320440054184000289e-01 1.400409891324070312e-06 3.953690797979999770e-07 3.718883000000000042e-07 1.582356081700955069e-03
1.354737946404000193e-01 1.298708793973130083e-06 2.406611969960000114e-06 5.181856999999999759e-07 1.636375502980902180e-03
1.390863644988000192e-01 1.275835461520751323e-06 3.857935252160000100e-07 3.764246999999999812e-07 1.694508990132834831e-03
1.428969719732000043e-01 1.300839139025147449e-06 1.071234095800000089e-06 4.238113999999999777e-07 1.757218056871713346e-03
1.469222885976000093e-01 1.340848974215188009e-06 1.605950837700000121e-06 4.953101999999999905e-07 1.825002058390345992e-03
