# Dataset "300K (+)" exported from GenX on Fri Dec 16 10:23:57 2016
# Column lables:
# x	I_simulated	I	error(I)	error(x)
8.817194218112001103e-03 1.000001329187422128e+00 1.010593999999999992e+00 2.994002000000000122e-02 4.080165521769448791e-04
8.901570106016000808e-03 1.000001329187421684e+00 9.958746000000000542e-01 2.760949999999999863e-02 4.081818571024263867e-04
8.987574985535999941e-03 1.000001329187421906e+00 1.022551999999999905e+00 2.664015000000000133e-02 4.083524114939722071e-04
9.075259237856000971e-03 1.000001329187421906e+00 9.759200999999999571e-01 2.500275000000000067e-02 4.085284125927410759e-04
9.164670095336001007e-03 9.996766895145785536e-01 1.033765999999999963e+00 2.495166000000000051e-02 4.087101414005975112e-04
9.255861087984000937e-03 9.994564906353785583e-01 9.875393999999999561e-01 2.379975000000000146e-02 4.088978507021527359e-04
9.348884696200002176e-03 9.993062252648120536e-01 9.988867000000000163e-01 2.364785999999999971e-02 4.090917487681716962e-04
9.443797598816000560e-03 9.958714048387198314e-01 9.721307000000000142e-01 2.308173000000000169e-02 4.092921938867391941e-04
9.540656474664000603e-03 9.936851802115677090e-01 8.956315000000000248e-01 2.158904999999999852e-02 4.094994067098144445e-04
9.639523250616000710e-03 9.921468257884847874e-01 9.896907000000000343e-01 2.188340000000000077e-02 4.097137721633268485e-04
9.740459853544001026e-03 9.788540994984510357e-01 9.757445999999999620e-01 2.092089999999999922e-02 4.099355681375311047e-04
9.843533458360000793e-03 9.719008742561313641e-01 9.777101999999999737e-01 2.044843000000000008e-02 4.101652115795726425e-04
9.948813339192001670e-03 9.562254144451528548e-01 9.468556000000000195e-01 1.966808999999999918e-02 4.104030020451420986e-04
1.005636667095199943e-02 9.333419239941268541e-01 9.605540999999999663e-01 1.942411999999999958e-02 4.106493659532765980e-04
1.016627322384800088e-02 9.191591679892157085e-01 9.070844999999999603e-01 1.832912999999999903e-02 4.109047926321766583e-04
1.027860856965600103e-02 8.798542469612739003e-01 8.944826999999999639e-01 1.768000999999999948e-02 4.111695621796346246e-04
1.039345247858400149e-02 8.536131291611144256e-01 8.574201999999999657e-01 1.677060000000000009e-02 4.114443465213890702e-04
1.051088996888000122e-02 8.186797488315409321e-01 8.272216000000000014e-01 1.614134999999999875e-02 4.117295189449311364e-04
1.063101760448000033e-02 7.836080324673896369e-01 7.754746999999999613e-01 1.531710000000000016e-02 4.120257305879349843e-04
1.075391620520000160e-02 7.570804867411979888e-01 7.645408000000000204e-01 1.497375999999999915e-02 4.123333709948783432e-04
1.087970122792000088e-02 7.191711367132563870e-01 7.657418000000000280e-01 1.468057000000000042e-02 4.126533059787719634e-04
1.100844614520000118e-02 6.921062182374437821e-01 6.812200000000000477e-01 1.351378999999999948e-02 4.129859289985676795e-04
1.114028740608000168e-02 6.633760984657383064e-01 6.743787999999999450e-01 1.323739999999999986e-02 4.133321335168728297e-04
1.127531947528000178e-02 6.388389042886902791e-01 6.502947999999999507e-01 1.279165999999999984e-02 4.136925941722428292e-04
1.141366830576000073e-02 6.156905112354573717e-01 6.481966999999999590e-01 1.241986999999999952e-02 4.140681137842058194e-04
1.155544935440000129e-02 5.940338853973512467e-01 6.042840999999999907e-01 1.178256999999999916e-02 4.144595524588135568e-04
1.170080956632000083e-02 5.733995667381553973e-01 5.821952999999999712e-01 1.146090999999999950e-02 4.148677775103292017e-04
1.184986439840000037e-02 5.535658512201985237e-01 5.420101000000000502e-01 1.092219000000000002e-02 4.152939050347837792e-04
1.200276079576000077e-02 5.343896769896618881e-01 5.287148000000000403e-01 1.049818999999999926e-02 4.157388797938556843e-04
1.215965619960000105e-02 5.157693572560891893e-01 5.187910000000000021e-01 9.939636999999999431e-03 4.162038767339992285e-04
1.232071854720000019e-02 4.976289117406152429e-01 5.087817999999999508e-01 9.377543999999999810e-03 4.166900917349607701e-04
1.248609478368000250e-02 4.799132129893684540e-01 4.848013999999999935e-01 8.827079999999999302e-03 4.171989122256312683e-04
1.265597383848000163e-02 4.625761061423639964e-01 4.638895000000000102e-01 8.523340000000000777e-03 4.177317565029500888e-04
1.283053414496000168e-02 4.455831291210987644e-01 4.425554999999999906e-01 8.094712999999999908e-03 4.182900742833853052e-04
1.300998562471999964e-02 4.289051480980835551e-01 4.366943999999999826e-01 7.721747999999999633e-03 4.188755548966900427e-04
1.319452770328000124e-02 4.125204628696831355e-01 4.118085000000000218e-01 6.974560000000000308e-03 4.194243370941772259e-04
1.319452770328000124e-02 4.125210012150869465e-01 4.256850999999999829e-01 7.496222999999999775e-03 4.194901130563627304e-04
1.338437030224000172e-02 3.964137649639484784e-01 3.895120000000000249e-01 6.566027000000000322e-03 4.200679923489648708e-04
1.338437030224000172e-02 3.964142781425685214e-01 3.992225999999999830e-01 7.165504999999999965e-03 4.201355672172495440e-04
1.357976532752000129e-02 3.805695765403170339e-01 3.909267000000000158e-01 6.256302000000000044e-03 4.207446353302796735e-04
1.357976532752000129e-02 3.805700681109523420e-01 3.644255000000000133e-01 8.069958000000000339e-03 4.208141264036177566e-04
1.378094369288000200e-02 3.649792342158353353e-01 3.706233999999999917e-01 5.956666000000000218e-03 4.214565724182741963e-04
1.398817829640000045e-02 3.496347394034171607e-01 3.452438999999999925e-01 5.585167999999999730e-03 4.222063134059461089e-04
1.420174203616000191e-02 3.345318228837364516e-01 3.393318000000000167e-01 5.379786999999999590e-03 4.229965516389111186e-04
1.442191830632000120e-02 3.196687656804118038e-01 3.258448999999999929e-01 5.173416000000000126e-03 4.238301747923217699e-04
1.464904298144000146e-02 3.050435024089672709e-01 3.176013999999999782e-01 5.093758999999999787e-03 4.247107131713185680e-04
1.488342044784000083e-02 2.906590484693422072e-01 2.887559000000000098e-01 5.029318999999999977e-03 4.256412265047759672e-04
1.512542856440000048e-02 2.765166832671174801e-01 2.841709000000000040e-01 4.992021000000000132e-03 4.266261694543479512e-04
1.537543469392000164e-02 2.626211972393410199e-01 2.692728999999999817e-01 4.759605000000000086e-03 4.276692068601151793e-04
1.563384818352000355e-02 2.489776959396521328e-01 2.487182000000000004e-01 4.438285000000000147e-03 4.287755839085989899e-04
1.590108887640000190e-02 2.355933518699082629e-01 2.410731000000000124e-01 4.239427999999999946e-03 4.299500598737486068e-04
1.617762909616000250e-02 2.224752568419165744e-01 2.331045999999999951e-01 4.095019000000000090e-03 4.311984953558627609e-04
1.646396215856000059e-02 2.096321085469172729e-01 2.214708999999999983e-01 3.998433000000000022e-03 4.325270679171420584e-04
1.676061286759999991e-02 1.970736603203219472e-01 2.053737999999999952e-01 3.928155000000000015e-03 4.339426752799959157e-04
1.706814801160000047e-02 1.848103058143034383e-01 1.801483000000000112e-01 3.824806000000000039e-03 4.354534229440503671e-04
1.738717636320000204e-02 1.728531576067797726e-01 1.794661999999999924e-01 3.718510999999999865e-03 4.370671114610318324e-04
1.771835917543999883e-02 1.612137399340614619e-01 1.624424999999999897e-01 3.426605000000000102e-03 4.387938547996769897e-04
1.806241018176000038e-02 1.499040974889171984e-01 1.512902000000000136e-01 3.210117000000000179e-03 4.406439407543918702e-04
1.842007460384000039e-02 1.389374810090062695e-01 1.394447000000000048e-01 2.990416000000000081e-03 4.426292729319311722e-04
1.879220262416000237e-02 1.283261076643783805e-01 1.306660000000000044e-01 2.867768000000000140e-03 4.447630672680567766e-04
1.917966541735999925e-02 1.180837924348006884e-01 1.244335000000000024e-01 2.784750999999999806e-03 4.470599938819062218e-04
1.958344961496000236e-02 1.082232856016707989e-01 1.088897999999999949e-01 2.559446999999999851e-03 4.495370600871968444e-04
2.000460482496000184e-02 9.875782710783732876e-02 1.018362000000000017e-01 2.433890000000000185e-03 4.522125960714605953e-04
2.044426462400000116e-02 8.970055362429688040e-02 9.011590999999999352e-02 2.262688000000000112e-03 4.551081914274450967e-04
2.090367804560000486e-02 8.106386272011820160e-02 8.320916999999999897e-02 2.131103000000000077e-03 4.582474215923096794e-04
2.138423057232000102e-02 7.285918136441828230e-02 7.189391000000000531e-02 1.966910000000000099e-03 4.616578723730485568e-04
2.188738115927999980e-02 6.509803702202555942e-02 6.460486999999999480e-02 1.838440999999999903e-03 4.653702643310593176e-04
2.241478818712000151e-02 5.778993035077725077e-02 5.407499999999999807e-02 1.650914999999999978e-03 4.694194641418695775e-04
2.296824648552000039e-02 5.094344298349403471e-02 4.868287999999999782e-02 1.546077999999999992e-03 4.738462037243730269e-04
2.354971882144000356e-02 4.456564507414155496e-02 4.319135999999999809e-02 1.446479999999999988e-03 4.786962689313652673e-04
2.372311406304000378e-02 4.279292811454950274e-02 4.482970000000000010e-02 8.858966000000000453e-04 4.594784448294500566e-04
2.406444658464000283e-02 3.952691105839727798e-02 3.976649000000000156e-02 8.072598000000000057e-04 4.613648778562256690e-04
2.416139887560000282e-02 3.866134592545247828e-02 3.891238999999999809e-02 1.389269999999999958e-03 4.840232305010163153e-04
2.441576087832000169e-02 3.640804768607600744e-02 3.600238000000000049e-02 7.295407000000000064e-04 4.633429230745194326e-04
2.477747678728000474e-02 3.343674129486946811e-02 3.266489999999999672e-02 6.795412999999999714e-04 4.654185688779617137e-04
2.480570074640000081e-02 3.323322626380570410e-02 3.273241000000000345e-02 1.255727000000000102e-03 4.898874338052058896e-04
2.515006663512000043e-02 3.061288297691604904e-02 3.048963999999999841e-02 6.379670000000000262e-04 4.675982260142675273e-04
2.548531143032000193e-02 2.828128252629122374e-02 2.742872000000000018e-02 1.130039999999999907e-03 4.963604960256305610e-04
2.553403423367999955e-02 2.793607001255364944e-02 2.706379000000000076e-02 5.835038999999999547e-04 4.698890081677161508e-04
2.592991488304000405e-02 2.540560754817580702e-02 2.450551999999999939e-02 5.446621999999999705e-04 4.722983425920633440e-04
2.620321181408000188e-02 2.380260930749062559e-02 2.329410999999999982e-02 1.108218999999999914e-03 5.035227597229741548e-04
2.633826487544000186e-02 2.302056283646764304e-02 2.300272000000000081e-02 5.262539000000000539e-04 4.748351644771057123e-04
2.675967199136000327e-02 2.077967260510180103e-02 2.045662999999999995e-02 5.143342000000000400e-04 4.775072201808994534e-04
2.719478698776000430e-02 1.868118801997006861e-02 1.779827000000000145e-02 4.796582999999999880e-04 4.803257313463853953e-04
2.764429210984000254e-02 1.672305635642482025e-02 1.621028000000000052e-02 4.483202000000000042e-04 4.832998370742535221e-04
2.810890109104000056e-02 1.490289582517032724e-02 1.458863999999999994e-02 4.130164000000000188e-04 4.864426312516615812e-04
2.858939064128000404e-02 1.321785985679252429e-02 1.275608999999999944e-02 3.745722999999999848e-04 4.897659369494779345e-04
2.908660044696000091e-02 1.166466891555581475e-02 1.132449999999999950e-02 3.467186000000000248e-04 4.932839355009343814e-04
2.960140168272000147e-02 1.023971202597480021e-02 1.009939999999999970e-02 3.281499999999999803e-04 4.970118228491552433e-04
3.013475998792000329e-02 8.938865768112451080e-03 8.709833999999999632e-03 3.108086000000000247e-04 5.009660904040910473e-04
3.068769348232000191e-02 7.757640039462773002e-03 7.569176999999999850e-03 3.014739999999999803e-04 5.051662306827822647e-04
3.126129375824000106e-02 6.691132276930173046e-03 6.762986999999999818e-03 2.775011999999999987e-04 5.096307000329160317e-04
3.185674687272000566e-02 5.734019315320517014e-03 5.908087000000000234e-03 2.516919999999999748e-04 5.143833316669679627e-04
3.247533334752000095e-02 4.880600693988591116e-03 4.769108999999999675e-03 2.193345999999999989e-04 5.194481279977434173e-04
3.311840717695999775e-02 4.124863031782123254e-03 3.717914000000000115e-03 1.880506000000000050e-04 5.248524445205623090e-04
3.378745880440000432e-02 3.460446048312372600e-03 3.251524999999999901e-03 1.742675999999999915e-04 5.306266412322698358e-04
3.448410462616000038e-02 2.880732551809130071e-03 2.938121000000000135e-03 1.648173999999999917e-04 5.368039557038398277e-04
3.521008699152000654e-02 2.378919200439490698e-03 2.314206000000000076e-03 1.439270999999999997e-04 5.434224486247232018e-04
3.596729519487999738e-02 1.948079237518735496e-03 1.894602999999999912e-03 1.281204999999999942e-04 5.505228493528765629e-04
3.675778646792000198e-02 1.581244933771212358e-03 1.548230999999999956e-03 1.145190000000000059e-04 5.581526000394605204e-04
3.758380697176000318e-02 1.271504462568703517e-03 1.302227999999999893e-03 1.030042999999999991e-04 5.663626719972283128e-04
3.844780229303999819e-02 1.012113278525706653e-03 1.017179999999999907e-03 9.065771000000000517e-05 5.752126115426278111e-04
3.935244893216000711e-02 7.966040699986846017e-04 7.549460999999999715e-04 7.727918000000000233e-05 5.847674082302808853e-04
4.030070678368000148e-02 6.189003949582340056e-04 6.388796999999999879e-04 6.972849000000000093e-05 5.951004001804149467e-04
4.129578764807999985e-02 4.734440451143553420e-04 5.852486000000000060e-04 6.607239000000000048e-05 6.062957993011743691e-04
4.234124969648000308e-02 3.552854414195869698e-04 4.738898000000000177e-04 5.879277000000000190e-05 6.184474962557452065e-04
4.243199633740000337e-02 3.457705804898642574e-04 3.876236221255000133e-04 1.871065000000000017e-05 5.713552159954523799e-04
4.304253046140000399e-02 2.910823055213779069e-04 3.221956905470000081e-04 1.651085000000000134e-05 5.762786832313078478e-04
4.344102895888000276e-02 2.601708797317082143e-04 2.920574999999999799e-04 4.766683999999999846e-05 6.316642647609566367e-04
4.367088575075000340e-02 2.428451587841863168e-04 2.870035402480000121e-04 1.487962000000000036e-05 5.814175432416534639e-04
4.431785564924999726e-02 2.005025583957618658e-04 2.187991338959999904e-04 1.270414000000000031e-05 5.867845360268537881e-04
4.459944982024000026e-02 1.845956139123201129e-04 2.576653000000000146e-04 4.325225000000000250e-05 6.460662405866445098e-04
4.498429624100000468e-02 1.635709183920888395e-04 2.018838506409999993e-04 1.181012000000000035e-05 5.923935423181535785e-04
4.582136146952000416e-02 1.258028930477728840e-04 1.252565000000000026e-04 2.952463000000000060e-05 6.617958048147554910e-04
4.567107405015000121e-02 1.316398794032878656e-04 1.602720338040000041e-04 1.030268000000000077e-05 5.982592427411046344e-04
4.637916000135000605e-02 1.043626864489340193e-04 1.346455746990000003e-04 9.255602000000000428e-06 6.043971331805024407e-04
4.711209591536000968e-02 8.173750064360700877e-05 1.468856999999999953e-04 3.552177000000000058e-05 6.790087810569241491e-04
4.710953545930000180e-02 8.145385610696237444e-05 1.184582897104999983e-04 8.669018000000000421e-06 6.108261087365535842e-04
4.786329662925000589e-02 6.267603509054989902e-05 8.811270360934999560e-05 7.806049000000000180e-06 6.175618765550866312e-04
4.864156059654999725e-02 4.783176888757504508e-05 6.866995919314999972e-05 6.935984999999999967e-06 6.246279392566426178e-04
4.944554884705000541e-02 3.674763307759635348e-05 4.262310334225000163e-05 5.426588999999999756e-06 6.320423371795278735e-04
5.027656638700000319e-02 2.925991262160668898e-05 3.975665642414999803e-05 5.083251999999999625e-06 6.398321486695084624e-04
5.113599130300000573e-02 2.519795402592596664e-05 2.727157116515000046e-05 4.123492999999999587e-06 6.480210007324222962e-04
5.202531652220000052e-02 2.436662657685358691e-05 2.085097450159999883e-05 3.627718000000000086e-06 6.566372201305983826e-04
5.294611849215000166e-02 2.652948697334956365e-05 1.271371611999999996e-05 3.065470000000000145e-06 6.657112659479032767e-04
5.390008850095000248e-02 3.139302495532620590e-05 1.989345525395000037e-05 3.724847999999999950e-06 6.752753677758503844e-04
5.488908487750000093e-02 3.859428432741652035e-05 1.442300684310000088e-05 3.531941000000000088e-06 6.853687443775357407e-04
5.591505991114999879e-02 4.769189074978986764e-05 2.986420112295000073e-05 4.514973999999999676e-06 6.960260400088563422e-04
5.698010161190000811e-02 5.816344235186979305e-05 3.706199269365000195e-05 4.718393999999999839e-06 7.072948152349485800e-04
5.808651723080000134e-02 6.941115425885417461e-05 4.647432318675000186e-05 5.097248999999999959e-06 7.192207747923025970e-04
5.923673929950000472e-02 8.077453031378742712e-05 5.678002426860000309e-05 5.437437999999999591e-06 7.318564934481690655e-04
6.043345091085000620e-02 9.155484888637862814e-05 7.143212203480000665e-05 6.016674000000000054e-06 7.452598224026369452e-04
6.167949175845000021e-02 1.010474375762424217e-04 8.376505675624999054e-05 6.474403000000000089e-06 7.594938221443016130e-04
6.297801473740000100e-02 1.085851844996198239e-04 8.399809821260000378e-05 6.387901999999999915e-06 7.746305311955178040e-04
6.433238154379999907e-02 1.135867024592196239e-04 8.524005585425000766e-05 6.312196000000000203e-06 7.907458272447348774e-04
6.574627751530000286e-02 1.156092038092564154e-04 1.005917780569999992e-04 6.747841999999999895e-06 8.079285510243154438e-04
6.722371163109999714e-02 1.143981879153624137e-04 9.884460222009999113e-05 6.592743999999999944e-06 8.262732050606565876e-04
6.876908959230000618e-02 1.099280855176149437e-04 9.510041682330000446e-05 6.421878000000000113e-06 8.458898442764045981e-04
7.038719294180000030e-02 1.024262004274703814e-04 8.979388053760000018e-05 6.141230000000000153e-06 8.668981190904500190e-04
7.208326258470000580e-02 9.237213287243105093e-05 9.496209815279999140e-05 6.217254999999999989e-06 8.894314814950559462e-04
7.386310318880000281e-02 8.046632037585891065e-05 8.519865026525000513e-05 5.799737000000000101e-06 9.136444927784328823e-04
7.573305186445000725e-02 6.756672796228872574e-05 7.269412238185000747e-05 5.311030000000000038e-06 9.397068874199072030e-04
7.644301702465000625e-02 6.274484746015375003e-05 6.515386458445000405e-05 3.057948999999999849e-06 8.362531147618882700e-04
7.754291805235000168e-02 5.555425883940043785e-05 5.823753100544999716e-05 2.797687000000000189e-06 8.471316179353477385e-04
7.770014520534999913e-02 5.459466431610435682e-05 5.933796954459999803e-05 4.886552999999999698e-06 9.678161034883073655e-04
7.867493267385000655e-02 4.859475481095266254e-05 5.272455685439999900e-05 2.549127999999999796e-06 8.584366418805992015e-04
7.977215060870000707e-02 4.242197542166219621e-05 4.516229608700000284e-05 4.219941999999999923e-06 9.981884187162462507e-04
7.984049117599999190e-02 4.199965017470087770e-05 4.845138005339999981e-05 2.388587999999999974e-06 8.701921447176823830e-04
8.104109692600000581e-02 3.588155335237758171e-05 4.088796913074999869e-05 2.141551999999999905e-06 8.824232618588938532e-04
8.195769155580000243e-02 3.175558138584786750e-05 3.630683076055000053e-05 3.733080999999999995e-06 1.031080369693866423e-03
8.227835769154999424e-02 3.032751092965292847e-05 3.965191228559999937e-05 2.051477999999999995e-06 8.951573863548744660e-04
8.355399608090000041e-02 2.539567786047165204e-05 3.178937098579999909e-05 1.813607000000000075e-06 9.084230268310242726e-04
8.426636245260001046e-02 2.304294105748295725e-05 2.775435633234999843e-05 3.518216999999999878e-06 1.066770804880523430e-03
8.486980778265000580e-02 2.111386471242491014e-05 2.474059953009999702e-05 1.613697000000000027e-06 9.222554868431253553e-04
8.622773464610000715e-02 1.747957479980561565e-05 2.118741991560000186e-05 1.552879000000000045e-06 9.366821373555704816e-04
8.762981248100000509e-02 1.446256156047740612e-05 1.584737910740000263e-05 1.362649999999999989e-06 9.517477536610264568e-04
8.907823369785000667e-02 1.200897403407610016e-05 1.434398617674999945e-05 1.287878000000000013e-06 9.674838394308402610e-04
9.057533686785000648e-02 1.004741958218874332e-05 1.074604051964999977e-05 1.096986000000000080e-06 9.839409886553155890e-04
9.212363804305000181e-02 8.496082057062862006e-06 8.603334293355000039e-06 9.546019999999999872e-07 1.001161592226629694e-03
9.372578899615000014e-02 7.270410422093668074e-06 6.366529365450000289e-06 8.442388999999999749e-07 1.019197235983771701e-03
9.538465030084999907e-02 6.290362272992107129e-06 6.342479119104999905e-06 9.174531999999999610e-07 1.038103377812152079e-03
9.710328089180000899e-02 5.486611406433821680e-06 4.825808396194999680e-06 8.714518000000000028e-07 1.057938171454386083e-03
9.888499026485000898e-02 4.804843767434168108e-06 3.813593765664999999e-06 8.213203000000000280e-07 1.078773151258409762e-03
1.007333280370000111e-01 4.207719116728371953e-06 2.999228841239999931e-06 7.313970000000000211e-07 1.100671600912824389e-03
1.026520526262500038e-01 3.674303261674200523e-06 4.350221200590000070e-06 7.763238000000000261e-07 1.123717719547484952e-03
1.046453191725000148e-01 3.197164606745200319e-06 2.618102396114999738e-06 6.294222000000000204e-07 1.147995802703563953e-03
1.067174602965000052e-01 2.777958142103826240e-06 1.780488333479999878e-06 5.911373000000000374e-07 1.173599114792184869e-03
1.088734350220000036e-01 2.422186683529778819e-06 2.400095969220000073e-06 6.074414999999999803e-07 1.200633730097984452e-03
1.111181501725000131e-01 2.134589111584145535e-06 3.544744475909999891e-06 7.155192999999999927e-07 1.229211083119575477e-03
1.134575565765000155e-01 1.915604408322571140e-06 2.073510886185000070e-06 5.911152000000000202e-07 1.259463137029425079e-03
1.158975006620000109e-01 1.760099237993155848e-06 2.019759630745000215e-06 5.554205999999999859e-07 1.291524516391771632e-03
1.184446640610000157e-01 1.657829697387474456e-06 2.053200144604999829e-06 5.417523000000000223e-07 1.325556278584956839e-03
1.211063548085000025e-01 1.595542760110703300e-06 2.806640845369999859e-06 5.696714000000000410e-07 1.361727040345825064e-03
1.238904029420000025e-01 1.559636813806113091e-06 2.427695694679999649e-06 5.805811000000000477e-07 1.400234993490735626e-03
1.268054737030000212e-01 1.538452389093917265e-06 2.971180055165000107e-06 5.753627999999999777e-07 1.441293733066233975e-03
1.298610675369999967e-01 1.523534602114917227e-06 1.923171593120000259e-06 5.138612000000000353e-07 1.485144811018777617e-03
1.330675200935000080e-01 1.509700556225273737e-06 1.363872097879999979e-06 4.575747999999999821e-07 1.532063691765130379e-03
1.364362110270000150e-01 1.494286727389093539e-06 3.952880566844999544e-07 3.718883000000000042e-07 1.582356081700955069e-03
1.399800859995000146e-01 1.476208271200690041e-06 2.406118782189999950e-06 5.181856999999999759e-07 1.636375502980902180e-03
1.437128214765000245e-01 1.455346993796909736e-06 3.857144644239999949e-07 3.764246999999999812e-07 1.694508990132834831e-03
1.476501819334999910e-01 1.432358088143706599e-06 1.071014567450000020e-06 4.238113999999999777e-07 1.757218056871713346e-03
1.518093934530000133e-01 1.408642565412108296e-06 1.605621729674999999e-06 4.953101999999999905e-07 1.825002058390345992e-03
